V0	Ø	Time	R
97.34	39.9	8.18	247.88
92.75	40.2	8.13	275.99
71.49	50.3	8.12	198.54
87.80	62.2	10.14	150.46
65.15	51.6	7.77	172.16
66.54	49.1	7.66	189.86
77.21	51.2	8.63	223.13
75.24	64.2	9.58	156.86
72.19	61.8	9.08	132.75
63.27	65.3	8.73	129.83
93.62	57.7	10.23	232.92
89.08	57.8	9.99	227.92
87.27	38.5	7.52	226.15
62.95	41.3	6.61	194.10
69.34	64.8	9.22	153.13
71.98	53.6	8.39	169.32
86.49	45.8	8.40	212.94
93.21	60.1	10.40	213.26
63.76	67.5	8.95	136.56
68.17	39.1	6.63	195.59
91.33	37.5	7.68	272.06
97.32	35.5	7.64	286.53
67.71	67.6	9.24	131.10
67.84	58.8	8.57	150.97
79.21	33.7	6.51	222.16
81.42	37.4	7.16	235.49
77.81	58.6	9.37	203.32
68.19	37.1	6.40	199.26
76.35	30.9	6.04	229.40
94.59	39.7	8.14	281.30
64.92	45.4	7.15	188.64
78.07	68.7	10.04	122.32
96.99	45.1	8.79	219.75
87.50	49.9	9.08	249.36
77.16	42.7	7.52	197.15
72.38	58.0	8.88	173.97
66.12	54.8	8.19	181.11
65.10	62.8	8.73	147.60
96.60	37.8	7.80	235.23
94.54	32.8	7.08	261.58
61.59	40.5	6.44	192.80
79.03	66.7	10.03	153.48
60.29	56.5	7.89	166.26
85.00	34.9	6.99	244.79
70.50	62.3	9.08	151.96
82.02	36.4	6.99	220.23
90.05	65.9	10.58	136.31
85.71	45.1	8.30	219.21
69.48	62.2	9.05	164.84
65.10	33.4	5.78	195.08
94.84	58.2	10.37	244.84
69.47	52.2	8.05	157.51
78.75	43.4	7.74	211.17
95.81	48.9	9.41	273.15
66.89	31.0	5.56	199.66
61.14	50.8	7.34	151.68
67.57	65.6	9.10	138.37
60.38	43.0	6.55	168.30
73.18	50.8	8.25	193.31
99.37	33.7	7.42	278.82
64.76	61.3	8.53	135.93
79.53	61.9	9.77	196.41
70.47	57.5	8.59	141.73
63.46	64.5	8.74	146.92
94.58	63.8	10.69	156.37
66.20	57.9	8.44	166.23
87.07	68.9	10.74	166.36
69.06	43.4	7.22	204.12
64.11	37.1	6.08	168.72
62.54	57.4	8.04	143.85
95.53	62.8	10.67	168.25
94.46	65.2	10.77	142.08
87.22	55.2	9.51	195.38
75.70	65.1	9.69	157.54
66.97	52.9	7.98	163.72
63.73	62.0	8.51	137.37
65.49	65.8	8.95	134.61
91.04	58.6	10.06	190.25
90.30	68.9	10.97	181.60
89.75	39.7	7.86	252.94
79.70	34.7	6.61	206.02
91.64	67.0	10.88	179.54
61.22	48.9	7.21	164.43
70.49	30.2	5.64	211.62
82.87	50.3	8.70	187.87
98.45	61.3	10.64	163.04
62.14	52.7	7.64	162.44
92.75	69.6	11.11	157.98
82.76	42.8	7.88	223.42
61.93	34.1	5.64	178.62
94.75	54.5	9.82	204.21
70.80	68.8	9.62	151.11
71.93	66.5	9.49	140.61
84.20	44.8	8.22	225.33
69.92	45.8	7.54	202.56
64.68	32.6	5.53	165.78
83.74	36.0	7.06	234.35
77.92	42.1	7.58	226.70
77.72	38.7	7.12	222.19
87.21	69.8	10.82	163.88
85.46	42.1	8.03	258.30
61.83	52.2	7.64	176.66
63.60	42.5	6.70	174.16
71.38	42.3	7.26	219.11
66.72	51.9	7.90	172.97
64.35	64.8	8.81	139.05
83.82	47.6	8.58	236.40
94.07	63.4	10.79	219.76
78.22	32.5	6.30	219.97
97.02	56.3	10.09	184.41
81.25	36.7	7.05	236.56
65.73	34.2	5.83	177.82
95.46	63.4	10.76	183.08
92.68	47.5	9.06	263.13
65.42	32.0	5.60	194.72
68.83	43.2	7.21	210.36
72.49	36.6	6.57	209.88
77.67	66.3	9.84	132.12
60.99	31.6	5.25	170.99
61.79	39.0	6.19	172.35
81.12	66.9	10.25	180.48
71.18	40.1	6.92	202.94
91.11	35.1	7.21	235.94
74.28	46.8	7.87	200.20
92.21	53.8	9.65	215.78
95.78	49.3	9.27	213.27
91.60	62.8	10.51	186.07
75.03	49.0	8.17	199.76
72.25	52.6	8.45	209.42
62.21	68.1	8.76	106.32
77.25	68.0	10.04	159.99
93.37	39.8	7.97	236.45
95.65	57.9	10.39	247.40
71.07	66.5	9.33	111.05
62.87	36.1	5.94	179.68
76.80	47.5	8.04	186.90
78.39	63.7	9.80	175.13
64.14	65.5	8.73	108.92
77.63	66.8	9.84	119.33
73.92	62.0	9.32	163.89
89.76	41.3	7.99	219.92
63.95	36.4	6.09	194.42
85.61	68.5	10.55	140.30
74.12	41.5	7.36	231.47
71.24	65.9	9.47	163.30
79.15	46.7	8.07	187.70
84.02	46.2	8.47	251.49
97.45	50.0	9.41	205.78
67.63	40.7	6.82	201.36
85.34	49.7	8.90	235.03
85.53	37.3	7.27	223.87
70.41	69.9	9.64	140.41
68.22	36.8	6.27	175.50
75.41	56.4	8.88	169.14
99.68	57.6	10.37	186.25
68.28	69.4	9.42	130.01
61.66	42.5	6.54	163.31
74.73	33.7	6.21	189.69
85.27	36.5	7.21	241.22
75.68	32.6	6.21	220.32
96.58	66.8	11.13	178.63
76.56	68.5	10.03	160.30
87.58	44.0	8.28	230.96
68.49	67.0	9.29	139.97
81.57	59.9	9.69	193.56
99.46	57.1	10.44	234.73
64.65	42.0	6.80	197.22
65.65	68.0	9.01	99.02
62.35	63.7	8.59	148.22
63.67	66.1	8.75	111.17
79.62	39.9	7.44	243.97
64.97	40.9	6.59	173.19
78.75	57.1	9.17	173.08
68.20	56.3	8.32	140.99
98.53	30.6	6.91	281.36
82.63	51.0	8.94	239.47
84.40	39.4	7.49	216.92
71.68	48.7	7.91	187.01
66.27	63.2	8.77	129.83
78.61	54.1	8.92	193.93
74.71	55.7	8.85	190.16
68.31	68.5	9.32	120.63
60.69	33.8	5.51	169.20
76.85	42.0	7.40	190.02
72.20	41.6	7.09	184.14
95.12	43.1	8.47	229.37
93.96	37.1	7.65	250.97
95.62	30.1	6.66	252.96
96.37	59.8	10.60	238.96
63.91	41.5	6.68	194.43
61.01	55.1	7.79	161.54
66.21	62.5	8.76	142.32
87.07	47.1	8.60	214.49
65.24	31.2	5.48	189.96
97.10	45.5	9.01	272.12
62.96	41.8	6.51	156.94
79.51	59.5	9.46	174.03
84.07	44.6	8.22	235.78
94.19	34.0	7.16	236.78
73.46	40.0	6.98	190.04
68.22	59.7	8.72	159.46
89.15	47.4	8.74	217.44
60.57	43.8	6.59	157.43
72.65	39.7	7.03	224.60
63.42	53.8	7.92	181.17
99.05	33.4	7.29	253.56
80.16	67.1	10.13	153.32
68.69	60.9	8.75	131.85
97.55	32.3	7.00	234.69
85.70	65.7	10.29	132.48
66.43	35.1	5.95	171.37
84.88	63.4	10.14	168.64
80.11	64.1	9.98	187.54
99.47	64.6	10.99	146.64
91.44	53.8	9.74	252.62
72.48	43.5	7.31	177.33
82.83	62.6	10.05	203.52
87.55	35.3	7.12	238.25
89.09	68.4	10.70	118.50
62.70	59.5	8.26	146.54
69.75	50.7	7.92	164.38
62.35	42.5	6.58	163.80
70.95	59.0	8.91	178.70
86.81	41.2	7.92	245.57
67.86	36.9	6.26	174.55
78.86	64.3	9.84	163.21
98.09	41.9	8.57	277.38
61.57	45.5	6.91	173.73
83.54	66.2	10.24	143.12
97.22	34.0	7.39	277.56
85.97	60.4	9.88	159.88
98.75	60.3	10.67	203.78
62.66	54.7	7.90	169.71
90.97	64.8	10.62	166.77
78.88	35.8	6.83	235.49
73.69	43.6	7.47	202.71
62.53	56.4	7.98	151.39
72.10	33.2	6.02	187.29
75.13	42.2	7.47	227.65
61.90	66.0	8.56	100.53
93.03	49.0	9.18	236.32
94.11	51.7	9.56	233.82
78.11	55.5	9.09	206.37
98.08	36.8	7.84	279.80
93.14	30.7	6.70	263.35
76.24	43.6	7.70	229.17
86.42	65.9	10.49	178.07
82.43	57.8	9.47	175.39
69.95	39.6	6.73	183.52
66.31	56.0	8.20	150.71
85.38	54.5	9.41	217.41
79.35	56.6	9.28	208.16
81.70	53.9	8.99	171.37
88.97	45.3	8.49	223.65
92.54	40.5	8.07	247.90
86.12	34.0	6.89	242.01
74.76	54.8	8.76	189.71
99.32	40.6	8.32	237.30
78.28	33.6	6.39	201.05
72.90	37.8	6.81	228.05
91.47	62.7	10.53	198.35
87.63	68.8	10.74	154.53
80.06	32.4	6.43	242.85
66.35	41.4	6.75	179.88
94.18	39.3	7.91	230.58
78.93	50.7	8.56	196.95
83.89	67.2	10.37	152.01
71.40	34.3	6.23	212.17
86.03	39.1	7.58	239.11
68.46	69.2	9.39	121.24
64.13	49.6	7.54	182.12
80.96	50.8	8.72	205.80
97.87	31.3	6.92	254.70
83.47	53.5	9.14	201.53
86.59	44.5	8.35	247.50
74.61	69.2	9.89	138.80
78.16	43.1	7.76	237.89
91.02	64.2	10.56	164.69
97.97	36.2	7.64	245.17
67.77	46.8	7.39	166.36
96.20	55.7	10.13	238.02
78.36	33.8	6.41	195.55
75.54	46.9	7.95	199.32
60.03	69.6	8.61	84.19
93.27	58.2	10.17	202.37
77.69	37.2	6.84	196.71
77.20	64.9	9.73	144.40
94.45	40.9	8.13	223.73
61.48	54.4	7.73	153.21
68.27	56.1	8.43	172.59
60.49	45.8	6.92	183.66
87.99	35.1	7.17	260.90
73.08	30.9	5.83	209.26
61.21	42.7	6.64	187.79
64.41	47.5	7.22	154.85
72.89	33.6	6.12	190.44
83.16	60.8	9.91	207.09
92.69	62.4	10.59	205.93
86.48	30.9	6.41	228.98
87.62	35.2	7.19	264.15
