V0	Ø	Time	R
82.31	48.2	8.51	216.58
62.29	68.6	8.83	112.17
88.77	58.7	9.97	197.29
73.16	37.9	6.76	205.48
76.20	59.0	9.22	174.17
86.82	65.5	10.43	163.90
96.48	68.7	11.24	158.18
91.50	47.1	8.88	237.36
72.91	34.9	6.35	204.14
71.19	41.2	7.04	199.36
96.96	62.1	10.74	194.23
62.17	41.6	6.51	174.61
89.19	32.3	6.75	242.74
61.02	32.1	5.31	168.09
92.46	69.3	11.05	149.90
61.58	32.1	5.34	169.77
95.08	31.4	6.84	255.17
60.75	47.7	7.06	165.37
92.51	40.7	8.10	249.28
97.36	55.0	10.07	225.07
68.43	32.8	5.82	190.34
63.45	36.6	6.02	178.52
91.26	58.7	10.12	201.17
71.36	64.2	9.28	145.69
64.03	36.8	6.08	180.28
82.11	43.1	7.90	224.23
75.11	53.0	8.59	190.23
75.99	58.1	9.12	176.85
90.86	37.5	7.58	247.77
83.20	51.3	8.90	211.39
64.13	41.1	6.59	180.34
74.87	36.7	6.69	209.86
60.20	33.3	5.41	166.81
96.52	46.4	9.04	248.41
76.69	59.2	9.27	174.21
89.10	48.2	8.89	230.30
79.29	45.6	8.04	214.53
64.23	60.6	8.46	145.20
86.78	38.1	7.48	238.54
92.73	38.8	7.85	251.21
77.97	61.9	9.58	166.24
61.84	35.4	5.78	173.30
62.67	34.4	5.69	175.07
87.40	39.6	7.71	239.20
76.94	36.7	6.81	215.15
95.73	65.2	10.93	177.08
93.19	42.9	8.43	248.15
89.92	33.6	6.97	245.25
79.44	46.2	8.12	213.86
67.87	63.7	8.98	141.40
90.03	35.6	7.28	246.13
74.09	64.0	9.47	151.16
95.57	33.4	7.18	257.68
83.58	58.7	9.66	188.57
91.24	64.2	10.60	176.21
73.52	62.7	9.33	155.37
62.65	62.7	8.49	134.79
72.73	41.6	7.19	203.07
73.11	47.1	7.84	197.87
94.50	30.7	6.72	253.24
87.15	42.0	8.02	236.54
67.87	44.2	7.18	188.43
77.38	54.3	8.86	191.37
87.98	47.5	8.74	229.65
78.34	50.9	8.58	202.12
67.53	63.7	8.96	140.59
77.15	64.7	9.73	153.38
71.14	31.6	5.81	196.72
92.57	65.5	10.78	171.41
82.69	67.7	10.33	146.78
98.31	35.3	7.59	263.90
82.34	57.7	9.50	190.00
82.10	56.0	9.33	195.25
77.79	55.0	8.95	190.31
65.61	68.5	9.11	117.85
66.91	60.4	8.66	151.39
75.64	46.8	7.97	204.21
63.57	49.7	7.47	169.89
79.08	42.2	7.62	218.13
91.75	46.5	8.81	239.25
68.16	63.4	8.98	143.25
76.85	39.5	7.16	214.51
67.18	64.4	8.98	137.34
79.79	58.3	9.39	183.18
83.97	40.9	7.72	230.56
66.39	65.9	9.01	129.98
73.18	33.6	6.19	204.06
63.73	39.5	6.38	179.62
92.41	55.0	9.81	216.97
98.86	47.1	9.24	251.12
67.40	42.9	7.01	188.28
88.65	58.6	9.96	197.38
88.04	36.2	7.27	241.68
60.06	55.7	7.73	149.07
96.34	54.2	9.93	226.29
87.44	34.9	7.06	240.13
91.00	52.4	9.46	223.00
70.29	45.1	7.45	193.63
92.11	51.2	9.38	228.59
77.76	36.9	6.87	217.22
91.46	49.5	9.15	231.92
96.26	51.5	9.63	234.82
60.79	64.0	8.41	126.71
82.95	43.2	7.96	225.95
84.44	38.4	7.40	233.09
62.31	54.8	7.84	156.63
96.84	46.6	9.07	248.70
86.44	52.1	9.18	215.43
84.88	41.9	7.89	231.70
99.60	32.6	7.22	265.81
95.23	63.9	10.80	183.27
66.26	61.9	8.72	144.71
82.20	53.6	9.09	202.93
84.49	48.0	8.61	221.54
71.28	69.1	9.60	123.98
92.27	49.0	9.14	234.57
92.23	57.1	10.02	208.88
95.94	44.7	8.79	250.73
88.23	61.1	10.16	186.16
83.87	45.4	8.28	224.90
71.45	63.5	9.24	148.63
60.90	46.4	6.94	167.38
78.78	48.1	8.30	209.03
79.94	36.7	6.95	222.62
99.49	39.1	8.19	264.80
68.05	69.0	9.34	119.46
73.08	51.4	8.29	189.61
82.98	46.8	8.39	220.72
85.51	42.4	7.98	232.62
92.06	66.3	10.81	166.63
97.52	43.5	8.71	255.65
71.81	54.8	8.54	178.38
60.02	36.6	5.80	168.40
83.90	62.3	10.00	174.33
83.79	67.2	10.36	151.00
98.73	41.4	8.48	261.02
68.88	57.0	8.53	165.93
84.84	60.9	9.94	181.66
89.74	57.0	9.86	205.41
93.02	38.6	7.83	251.93
80.54	65.8	10.05	153.40
65.99	33.1	5.72	183.69
79.15	53.3	8.87	197.91
68.75	30.1	5.48	188.15
90.85	57.5	9.98	205.37
83.35	50.1	8.78	214.57
83.38	48.5	8.61	218.12
74.09	50.1	8.23	194.67
75.36	36.5	6.69	211.09
81.05	39.6	7.40	224.62
60.62	44.1	6.68	168.71
65.33	67.8	9.04	120.59
72.62	48.6	7.97	194.17
67.90	53.8	8.17	172.22
88.15	57.9	9.86	199.37
62.13	64.9	8.59	126.22
81.65	41.9	7.72	224.39
73.33	38.9	6.89	205.78
63.60	62.9	8.58	136.13
67.41	37.1	6.32	189.92
77.66	56.2	9.06	186.26
65.60	38.9	6.43	184.98
98.11	63.8	10.95	187.08
74.29	48.1	8.02	198.99
75.25	64.8	9.61	149.82
69.57	61.6	8.96	152.23
98.20	57.5	10.37	216.60
73.10	47.5	7.88	197.24
88.43	54.4	9.53	212.04
66.29	53.8	8.05	168.55
75.79	49.3	8.25	200.05
66.29	64.1	8.88	136.92
71.18	60.2	8.96	160.49
80.74	50.1	8.64	209.14
70.88	31.8	5.82	196.17
89.91	56.6	9.83	207.21
79.01	35.4	6.72	220.05
80.58	46.9	8.27	215.22
96.29	48.9	9.33	242.18
96.79	61.7	10.70	195.87
61.13	63.9	8.44	127.65
63.91	50.5	7.56	169.57
91.72	46.5	8.81	239.12
92.86	48.0	9.06	238.01
94.36	33.9	7.21	255.25
98.25	30.4	6.81	261.04
68.92	53.0	8.17	176.46
60.49	43.3	6.58	168.92
60.49	47.6	7.02	164.86
64.50	35.3	5.92	181.00
93.40	40.9	8.17	250.93
63.79	45.3	7.03	176.49
89.90	65.6	10.63	167.51
98.32	52.6	9.86	234.92
75.78	32.1	6.11	209.63
85.47	67.9	10.52	149.66
89.55	37.8	7.57	244.78
78.75	32.2	6.27	217.42
83.22	34.1	6.75	229.87
93.72	53.7	9.74	223.78
96.91	47.1	9.14	247.57
92.67	66.0	10.82	168.91
78.32	62.4	9.64	164.82
90.09	65.5	10.63	167.97
81.24	36.0	6.92	225.69
80.85	54.2	9.06	198.71
63.43	30.1	5.18	172.69
87.89	56.9	9.75	202.60
99.25	52.6	9.90	236.58
81.58	54.2	9.11	200.18
95.57	57.3	10.22	213.48
68.65	54.2	8.26	172.93
95.63	55.5	10.03	220.64
63.94	39.4	6.39	180.23
86.40	47.1	8.61	227.36
82.36	62.8	9.94	169.79
65.59	56.1	8.21	161.06
84.18	42.4	7.92	229.61
81.00	43.5	7.89	221.19
97.30	41.0	8.36	258.68
85.70	48.0	8.68	223.99
65.00	65.3	8.86	129.81
93.94	36.7	7.60	254.60
60.37	60.9	8.16	135.94
75.91	51.9	8.53	194.59
63.82	33.2	5.62	177.58
70.84	40.6	6.95	198.75
90.00	31.4	6.65	243.85
68.55	63.5	9.01	143.56
97.77	47.3	9.20	248.90
80.73	46.2	8.20	216.76
88.28	36.5	7.33	242.21
65.87	67.3	9.06	123.49
99.88	55.8	10.29	225.91
79.71	64.9	9.92	156.52
87.17	32.8	6.74	238.44
89.36	41.0	7.99	242.36
60.37	51.6	7.40	158.46
94.25	56.9	10.10	213.01
71.70	62.5	9.18	153.15
95.56	30.1	6.66	254.87
80.89	33.4	6.54	223.73
67.48	53.1	8.08	172.86
83.55	63.1	10.04	170.38
85.38	50.4	8.93	217.84
71.02	37.2	6.54	199.78
74.82	65.1	9.60	147.71
83.42	51.3	8.92	211.80
92.71	33.7	7.11	251.57
62.89	49.4	7.39	168.69
89.04	58.0	9.92	200.47
95.22	43.8	8.64	250.73
82.91	64.6	10.12	162.36
72.24	59.9	9.01	163.67
99.91	32.6	7.23	266.41
92.93	43.9	8.54	246.17
90.91	51.2	9.33	226.24
71.85	48.2	7.88	193.01
84.13	61.1	9.91	179.74
60.35	45.5	6.81	166.72
96.70	49.3	9.39	242.07
89.54	66.7	10.69	160.99
71.81	55.9	8.63	175.46
67.60	63.6	8.95	141.43
68.54	46.3	7.46	187.75
73.00	54.6	8.60	181.40
61.45	69.5	8.81	106.72
69.67	51.0	8.02	182.63
79.40	33.5	6.48	220.11
62.72	55.0	7.89	157.18
72.85	52.5	8.38	186.63
96.84	56.3	10.18	219.47
69.73	58.6	8.73	162.74
70.60	32.6	5.92	196.25
96.86	66.8	11.12	169.61
72.50	34.6	6.28	202.87
88.50	34.3	7.02	242.37
77.51	39.0	7.14	216.31
81.88	43.7	7.96	222.92
99.68	31.8	7.10	265.43
84.55	57.1	9.58	195.96
60.42	34.8	5.61	168.66
99.57	41.4	8.51	262.69
68.65	51.3	7.98	179.58
95.89	46.5	9.02	247.09
93.31	62.2	10.55	188.89
60.13	64.2	8.37	124.74
93.47	54.7	9.84	219.85
96.56	40.2	8.22	258.01
98.30	39.3	8.16	262.30
69.45	54.3	8.33	174.44
63.12	30.0	5.16	171.71
77.63	68.1	10.01	137.77
80.99	49.5	8.59	210.97
79.69	38.6	7.20	221.77
79.78	67.5	10.12	143.80
97.91	38.4	8.02	262.12
99.64	47.5	9.31	251.69
85.68	56.2	9.56	201.14
74.83	34.0	6.32	208.69
