V0	Ø	w	Time	R
93.40	50.1	-2.0	9.28	219.76
63.69	66.4	-3.6	8.75	105.39
83.33	38.7	1.5	7.42	238.76
88.26	55.0	-4.3	9.49	180.63
76.59	46.4	4.5	8.07	232.28
69.14	48.6	-4.2	7.67	164.36
64.35	68.5	-4.9	8.91	91.67
67.92	45.5	-1.6	7.30	179.31
72.40	31.5	4.2	5.92	216.92
61.83	32.1	-4.9	5.30	154.13
67.34	65.7	-3.3	9.01	115.21
61.12	38.1	3.9	6.12	186.90
93.58	64.8	-4.2	10.70	145.13
95.48	64.8	2.9	10.94	200.98
85.80	40.9	-1.1	7.79	228.48
76.80	32.3	2.0	6.22	221.07
87.28	53.4	-4.6	9.26	182.83
93.69	43.9	-1.8	8.55	236.02
97.43	58.2	-2.0	10.36	197.41
72.49	61.8	-3.1	9.12	139.26
67.01	66.6	1.5	9.13	136.30
63.09	63.8	3.5	8.66	148.71
67.55	60.2	4.2	8.78	175.01
90.42	40.9	4.8	8.13	274.02
70.89	50.3	-3.7	7.96	167.07
88.90	60.0	-3.4	10.03	168.37
71.24	40.5	0.7	6.97	203.32
91.03	56.3	-0.7	9.86	205.46
76.96	60.1	1.7	9.40	181.61
83.79	55.8	-0.4	9.40	196.73
77.99	52.5	-2.1	8.67	185.40
66.86	49.3	-4.5	7.57	156.91
88.94	43.8	-1.1	8.31	231.26
83.20	48.7	-1.2	8.59	210.34
86.56	69.4	-4.1	10.61	114.59
83.75	47.5	1.2	8.54	228.57
81.66	67.7	3.9	10.33	170.07
75.40	56.0	3.2	8.96	201.10
71.75	50.4	-2.3	8.05	176.24
76.80	61.4	-4.0	9.37	141.88
86.37	40.0	2.3	7.77	249.58
93.73	57.0	2.8	10.15	232.12
69.87	67.4	-0.3	9.38	128.20
96.85	34.6	-3.6	7.35	240.03
81.36	55.6	0.5	9.25	198.14
69.70	42.1	-2.6	7.01	182.73
75.36	67.8	3.2	9.88	155.23
75.96	52.6	-4.2	8.51	168.83
73.49	45.1	-2.9	7.58	186.70
79.89	43.7	-3.1	7.79	201.39
91.90	37.4	-3.1	7.57	232.03
90.93	60.8	-3.9	10.21	163.75
99.31	43.9	-4.8	8.74	225.91
85.42	32.6	2.0	6.66	243.78
70.55	38.1	2.8	6.68	211.43
65.02	54.6	-0.7	8.02	160.03
75.06	30.9	-1.5	5.88	200.26
79.52	56.4	3.9	9.28	213.52
93.23	67.0	1.7	10.96	176.60
68.83	62.6	-1.8	8.94	137.68
71.51	57.1	3.0	8.79	187.92
63.90	66.8	-0.7	8.85	118.98
88.73	31.8	3.2	6.70	257.16
94.43	34.9	3.2	7.42	274.10
96.69	31.7	-0.5	6.95	255.98
90.24	61.7	-2.0	10.29	172.12
69.80	61.5	2.9	9.02	168.59
85.63	55.0	-4.8	9.33	173.53
67.95	67.1	-4.1	9.14	106.33
93.09	44.0	-4.2	8.47	219.29
67.71	54.7	3.5	8.31	187.86
90.42	30.8	-4.9	6.49	220.13
95.28	51.3	-1.5	9.52	223.47
90.41	39.1	-4.5	7.71	219.62
71.09	55.2	-1.8	8.48	165.93
78.60	51.2	2.2	8.67	214.94
98.76	53.2	-2.7	9.89	214.04
64.78	52.8	0.0	7.85	167.36
83.12	44.6	-1.8	8.10	213.78
98.37	32.5	3.6	7.21	283.03
99.39	35.2	-0.0	7.60	266.02
88.61	55.6	3.3	9.74	230.94
63.21	62.0	-3.0	8.43	123.50
99.98	65.3	3.8	11.25	211.39
69.77	61.7	-2.6	8.93	137.91
96.95	47.5	1.1	9.22	254.58
60.88	34.1	-2.1	5.52	162.10
68.91	31.9	4.9	5.80	209.83
87.24	65.2	2.2	10.48	181.31
90.46	35.6	0.1	7.30	247.65
81.31	43.2	0.3	7.87	223.85
86.58	46.9	1.6	8.63	238.16
75.65	33.1	0.3	6.25	211.55
91.96	50.6	1.1	9.33	237.46
91.23	59.9	4.6	10.32	229.31
81.02	38.2	-2.9	7.16	209.91
97.15	35.4	0.4	7.55	263.98
92.95	35.3	1.8	7.39	262.85
61.91	37.5	4.2	6.10	190.19
90.49	53.6	-2.2	9.51	203.55
70.11	65.6	-1.6	9.25	129.07
65.13	56.1	-2.8	8.11	146.41
90.45	61.1	3.8	10.37	216.30
86.26	46.2	4.2	8.59	254.79
77.32	56.5	4.9	9.17	214.05
78.73	62.9	0.5	9.72	166.60
88.14	68.5	0.5	10.74	152.88
67.06	36.9	3.2	6.33	202.16
98.04	59.7	1.0	10.60	214.76
65.82	54.4	1.9	8.10	175.38
62.82	54.0	2.3	7.85	170.54
66.63	53.6	-3.0	8.00	154.44
85.51	37.2	3.1	7.36	252.47
67.22	53.4	1.2	8.11	177.95
67.78	67.6	2.1	9.27	136.13
76.90	55.0	-2.1	8.85	176.24
74.16	43.2	1.5	7.49	213.09
72.11	64.4	-3.9	9.28	123.98
62.96	44.3	1.7	6.90	182.40
77.34	61.1	3.2	9.53	188.07
87.14	49.1	-4.2	8.79	197.30
85.69	65.8	-4.0	10.30	133.84
95.84	53.0	3.3	9.85	253.19
85.94	50.6	2.5	9.04	234.79
93.90	62.1	-3.8	10.49	161.97
68.58	55.1	4.0	8.42	191.33
81.96	64.9	-4.2	9.99	132.49
70.19	30.5	-2.8	5.56	181.97
94.97	46.9	-1.7	8.99	232.78
80.38	43.5	-1.4	7.82	212.22
96.85	43.4	-4.7	8.56	223.86
89.94	32.8	3.9	6.92	264.91
93.56	34.1	-2.0	7.18	242.82
82.98	37.4	2.4	7.25	242.40
74.94	41.4	-2.4	7.25	196.58
67.38	41.2	-0.3	6.81	187.83
92.11	41.0	-0.1	8.12	247.58
85.06	49.0	-1.9	8.72	208.69
61.49	35.9	-4.6	5.75	155.50
85.79	67.8	0.8	10.55	156.04
86.14	51.5	3.9	9.18	241.90
88.69	59.1	3.5	10.08	219.41
75.06	68.9	4.3	9.94	155.26
83.06	67.9	-2.5	10.32	129.62
61.05	66.1	4.8	8.65	141.15
83.65	39.0	-0.9	7.43	226.04
75.22	33.6	-2.5	6.25	198.62
60.63	42.9	3.8	6.62	185.07
99.57	40.0	-0.5	8.30	260.72
92.78	61.8	3.4	10.55	214.89
76.44	61.2	-1.8	9.38	155.90
90.00	61.8	4.9	10.43	220.38
91.66	41.9	0.8	8.24	251.28
90.27	64.3	-4.2	10.46	144.87
91.29	52.4	2.4	9.53	240.05
62.02	54.8	4.5	7.90	176.70
85.31	54.8	-0.3	9.38	203.60
77.06	63.0	-4.3	9.52	134.19
92.60	44.0	3.9	8.62	270.27
67.60	56.2	0.2	8.37	166.54
91.09	31.1	-0.9	6.63	241.41
94.75	39.8	1.5	8.11	264.18
97.89	48.2	-3.9	9.23	219.65
92.57	40.6	-4.6	8.00	221.13
77.16	30.8	3.4	6.04	226.42
81.91	59.1	4.9	9.70	215.86
66.38	47.6	1.3	7.48	186.74
87.82	53.3	-0.6	9.37	210.49
95.72	44.1	4.5	8.79	281.53
90.34	68.1	-0.4	10.83	151.81
79.32	40.6	-0.0	7.43	219.77
85.83	33.4	3.8	6.84	255.08
74.31	32.2	0.2	6.05	206.50
71.20	52.4	3.4	8.34	201.35
84.54	51.5	-0.5	8.99	210.45
97.43	67.8	4.9	11.31	201.73
60.46	44.2	4.8	6.77	188.10
69.39	61.3	0.3	8.93	154.97
92.02	35.7	-4.4	7.30	225.68
61.60	65.1	0.1	8.56	125.01
75.74	40.7	1.2	7.27	217.31
89.10	66.2	1.7	10.66	174.75
77.77	41.9	4.9	7.61	241.37
78.87	56.6	-2.5	9.12	171.97
96.39	35.9	-1.7	7.56	250.19
82.77	56.1	-2.5	9.32	180.39
85.56	62.5	0.4	10.13	178.81
90.88	32.9	0.8	6.92	251.01
78.36	38.6	1.7	7.15	227.34
91.09	33.3	-4.0	6.91	226.68
68.72	35.9	2.4	6.28	203.09
81.90	56.0	4.3	9.40	222.19
95.05	30.6	-2.1	6.69	243.58
72.29	46.1	-1.9	7.64	187.53
99.95	57.8	-2.7	10.43	197.40
61.36	38.3	-2.5	6.05	163.08
96.12	36.4	-0.4	7.64	256.61
68.26	45.1	3.8	7.38	206.84
80.76	49.8	3.0	8.66	228.30
78.12	57.0	3.1	9.23	203.25
89.23	30.8	1.2	6.54	247.37
86.98	45.1	-1.3	8.37	223.89
93.83	34.2	1.9	7.27	264.97
72.14	47.2	-2.4	7.75	182.51
87.70	47.5	3.0	8.79	248.13
68.27	51.1	4.4	8.02	201.39
78.14	57.3	1.5	9.23	193.02
66.16	52.1	4.6	7.98	194.89
76.44	53.9	1.4	8.79	198.64
88.44	52.7	1.9	9.40	230.02
91.90	51.1	3.6	9.45	253.31
67.03	48.6	-3.0	7.54	165.70
94.98	64.7	-4.2	10.77	147.08
65.00	69.2	1.8	9.13	122.48
91.66	48.2	2.6	9.07	252.65
99.71	47.7	-3.2	9.28	228.68
68.64	56.4	-4.5	8.36	142.99
84.83	66.9	1.1	10.43	161.59
63.54	37.5	-2.7	6.09	168.35
88.88	42.0	2.7	8.16	256.51
86.21	39.9	-1.6	7.66	227.17
95.62	44.7	-0.3	8.77	248.44
80.55	69.6	-1.8	10.27	122.65
74.09	36.8	-0.5	6.65	205.55
83.96	50.4	4.0	8.94	240.30
74.45	43.6	4.1	7.61	227.21
94.46	64.7	4.8	10.92	213.18
94.34	57.5	-1.7	10.13	198.75
97.30	62.7	-2.0	10.78	176.60
72.18	66.1	-1.8	9.44	129.01
63.43	58.0	0.6	8.20	154.12
66.99	36.1	4.1	6.23	205.15
87.56	36.2	4.2	7.33	263.24
86.88	44.7	-0.9	8.33	227.05
87.52	45.1	-4.1	8.34	207.90
61.39	39.0	-3.5	6.11	159.46
81.09	45.5	-0.0	8.14	218.36
70.19	62.3	-3.7	8.98	130.53
71.63	31.0	-4.5	5.68	179.65
72.44	46.2	-3.2	7.64	180.86
77.18	37.3	-0.1	6.89	215.21
90.24	33.9	-2.2	7.00	234.74
93.36	49.6	-0.5	9.25	231.55
60.09	40.5	-4.9	6.17	149.91
61.78	30.4	-0.6	5.13	166.33
75.68	47.5	0.5	8.05	205.98
71.11	68.9	4.0	9.64	146.12
66.02	68.2	0.8	9.14	124.13
92.12	61.9	1.0	10.48	195.89
99.45	55.6	-1.7	10.20	213.47
91.21	65.4	-0.2	10.69	168.85
98.24	53.6	0.9	9.98	237.91
91.90	60.1	-3.8	10.20	168.69
96.19	65.9	0.2	11.02	175.63
79.22	35.6	-1.1	6.75	215.10
72.37	69.6	2.4	9.75	136.33
89.55	31.7	1.9	6.70	252.43
71.52	40.0	3.7	6.99	218.52
84.38	50.3	-3.3	8.80	195.45
60.76	53.5	-4.9	7.51	133.12
63.15	54.5	2.3	7.92	170.21
72.54	49.8	0.8	8.11	195.97
90.56	62.0	1.0	10.40	192.97
87.77	40.5	-4.0	7.77	215.81
78.95	60.3	-1.0	9.49	168.20
98.13	36.6	2.2	7.81	276.55
74.98	68.6	2.4	9.89	145.86
74.40	36.8	2.3	6.72	219.59
62.99	60.3	4.2	8.42	163.46
63.36	63.6	3.7	8.68	151.09
75.80	32.8	1.5	6.23	217.13
72.98	61.8	3.3	9.29	176.42
98.57	48.5	-3.1	9.33	225.32
88.26	55.4	3.6	9.70	232.87
63.48	45.7	3.6	7.12	191.12
75.97	61.0	3.2	9.43	185.54
74.46	47.6	-2.0	7.94	189.11
75.70	52.6	-4.8	8.49	164.45
67.51	53.2	3.8	8.16	191.97
96.33	50.4	-1.4	9.47	228.22
76.30	48.0	4.7	8.24	229.95
62.01	53.7	3.9	7.80	176.33
75.43	50.6	0.2	8.36	197.86
76.48	31.0	-1.0	5.97	206.29
92.13	59.8	-0.7	10.25	192.58
90.96	31.2	1.9	6.68	255.27
90.19	31.6	2.1	6.72	255.17
74.98	48.0	3.6	8.14	220.55
62.55	60.0	-2.1	8.24	133.05
80.49	60.8	3.4	9.72	196.32
94.15	56.6	-1.4	10.04	203.53
99.09	54.8	2.2	10.19	244.85
63.67	53.8	-3.2	7.80	146.97
84.54	56.6	0.1	9.53	198.37
62.75	39.0	4.5	6.33	194.65
71.60	41.2	0.5	7.09	202.76
60.02	59.5	-4.9	7.93	116.57
88.13	49.9	4.2	9.12	252.18
71.20	47.9	3.2	7.88	208.82
77.32	46.5	4.3	8.12	232.67
